00001110110111011111100110111111011101100101101001101101111010001101101100111100110100101100000000000000000000000000000000000000100000000000101110011010000001001100001100001010011010010000000000000100
10110010010010110001101110110011001011011100110111100010010011111000100110110100100011100110110110110110110110110110101001001110010001001100100100110110011010100100110010001101101000101010000011001101
11010110010110110101001101010011011001001100110100110111101011011110010010101111011110100100010010010000100000000000100101000101001010011001001010011010100110110110110111000001010110110000100010011000
00000110001001101011100100111111011111001100110100010001111001001111011101011011001100011001000000001001001011001001000000101001101000110011001101100110010011010110101100010000101010000101010100000001
00010111101011000111011111100111000111011001100111101010010100100001001101100110010011011010101101100101001001011001011001001100101001100000010000011001110100001010110001100110010001001000000000100110
10110010111001010011010100110111110110111011110001000111101111111111001100011011101010000010010010010010010000000010000100000100110000001000011110011100111001010101011001101100110110110101011000011000
11110010011100110001101110011100111100111001110000110100100100000001111110110010110011011010010000010010010011001001000010100011000100010010001100100111000111110000110100101001100100100010001011010010
01001101000100110110010010110110010101110110111110110101110110010010110111001111011011001100100110100100100100101001010010010011001001000010110000110010110011010100000100000001001010010000000001001000
10011011000110101001010011101001110010111101100110100101011010111010001001001001110100110100100100100100100100000100010000010100000001001000110010111001100110011011011011101101001001010100110000001000
01001001100110110100101010101101101101000101001001011010001101100110100111101001001100110100100000100100010010100100100110001100101000010000000001101101001001101110111001101001001001000100000000010111
10011010001110101001101100101011011111010010110110110011011101110110111101101011001110001001101100100100100010010010000010000001001010000100100100000100111001010011000100000011001010010010000000001000
01110110110011010010010111011101110011111010010111011001001100100110010000010111011001001101010010010010010110010010010001101001000001001001100100001100010111000001111110110011001010110000001001101010
01001000011011001110100111100100100100111111101011001111101011010011110111101101111011101010011001001001001011001001011000001000100100100000000001110011110100000110011010011000100000001000000001100110
00011011001110100000111011111101011111000010011101010000110011111001011101001000100100010100011001001001000111001000000100100100100100010010110010011000011000111101000111011001101010000100010000010010
10100100100001111010011011011010010111111000111000100100101101101100101001100110011000110111110001000100101111010010100010010010000010001110101110010000001001111011110101000110010111101000000000001000
11110110010001011010011111100010111101101011001010011111011000011101101100111111010011101000110100100100100111100100100100010001010001000100001000111111000000100110011001110100100000011001000010110010
00010110011101010010101001110110011011111110001101010100111010101100100110010010010111011011001001001001000110100100010010001000010000100011011001001010000101101110110010011001010110000010010001000100
11001011101000110100110101111101101111010111100110101011110101101011010110101001110110110101010010010010010111001001001001001001001010010010000110110101101101100100111011001110010110101101001000011010
00100000110100110110100110010001111110010100110010110011001000110101110011011100101110110110110100100100100111001001001001000100100011011011011100111101110100101101001011100011001000110000000001001001
00001110100111101001111110111111101110111100101101101011101111010100100110010011001001100110100010010001000011001001000001001000010001001100101000110110011111101011101010010001101001001001010011010001
11111110011001011001011111111101110110101110010001101001010011001110111001111011110111100100001001001001011011001000101001001001001000101100111001110111010010101100110110111100110110010010001010100110
11110011111011001110001111001100110100110011011011011010111100100100011101101100010100011100101001001001000111100100010010000100100001010010011111001111111001000001110100100110010110010010010100010000
00001101110011010011111011110100111111010010010100110110111101111110001010100110101101110101011010010010000110100100100010010000010010111110110111011010111110111110001101000110100011100001000100101010
10110100011010111011010101101111101001100011001100100100101011000111101111011011010110100010011001001001100110100010010001001010010000010001101011111110000110110010111010111001010100111010000010010110
11111110011110001110001010001001011100111001110100111011011100110001100100010111000011101011001001001000100111100100010010000100100100111001011011011110100011001100100101001001001100001100111001100010
11100111000111001101010111001101011101011010110001001011111010111101001110111011111101101101000100010010000110100100100100100000000100010111010110101011111101000001100110011101100000100010000100110000
11000000100010011100110101101111011011001101001111001100010110011010011110110100111010010001100100100100110111100100100000101011010010110011111110010110110110000010100101001000011010000001001101001110
11110111101111111111111101111110011010110011011011110111100111011011100111001010010001101101001001001000100110100100010100000100111001111110001101111110110110001101010010010101001010010000111001100100
00111011100100001100101100010110011101011111101000110011011001000111111011011010101110101100001001001001000110110010000101001000011001101100100111101101010001100000011110010010000001010010001001000010
11011000100001001100100010001010010110010011011111011100111101110000011110011001110000110101100100100100100110110001001001001000110011011001111110101001000001110001110011011011000010010010010100010011
01101110110010101111011110110011110110011100001100110110011111111111001011110111110110010100111000100100100111000010010000000100001111011111111101111000001011011100100100100100111000100010011110101000
01110111111110010100101100110101101111110011101001100011010000011001011001100100011011001000010010010010010111110100000101100010001010000001100110001111000110001011011101100110010101100011010001110100
10100111100011110100100110100110001001100011111101111010110110110111101110111011010011010110000100100010000110110001100000010010111011100111011000001011101110100011011001001001100000000000110100000101
00100011001110110011011001010011111101001100001100100101101110011011101110110110010010100010100100100100100110110000010100001000110011011111110001111101110101110110010011011000101010011000101100100100
11100001010010110110011101110111111011001100100110010110110111101001111000110110011110100000100100100100100111100110000101000000000001011000100011100110110010110110110100100010000110010100010001100101
01011000110011001101001101111101110010011011110111011001011001111111111010110011010100011001001001001001001101100001001000101010010011111101001111100101001110100001000110010000000010010010010101101000
01001110111110011010000100110100001101011001000001011011111101010111110110001011001001001010010010010010001101110001000000010001001111101011000001101111000111100111100110111001001001100010011010010101
01101101110111010010100101001111111011111110111110111111100011011111001110110110111001000010010010010010010110110100100110000001000010010001110001100101100011010110110010100100110101000001000011001000
10100110101100110010101011100110011101100011000101110111001011111011010101001001001001001000000000100010000110101000010001001000101101111011110001000000111010111000111010000101001010010010101101100101
10011001101110100110000100111110011101011001111011101111100111111010011011011101000000000000001000000100101110110010001000010100001011101111010011100100010101001101001001111100101001100011001001111101
10011011011011110111110001101111111011011101101110111110011111011011101110010100000000000000010000000001000110110010010010000010001001110001001011111111101010101111011001010001100100100000000100000001
10110100110110011010011001101001111100110011100110111111011111110011000011010000000000000010000001100010001101101000100001001001010011110010001011001011101101110010010011001001000100101000110110110011
11011011011001111001101101111111111011110111101010111101111110111100011100000110010000000000001000000100101101101001000100100011011100100101000111110010011100110110100100001000001001000000000011001100
00101011000111101001111111111111110011001100110111111011111100100110011111000001000000000000000100100100001101101000001000010010001110100110010000111101100101110001101100111000001000011010011000011010
11001010111100011111111111111110010110110110000111111111111011001111011001101000001000100000100000010001001101011001001001000010110000010110000011010101110101111010110110110001010110010111010111110011
11111011101110111111111111111011001100100111111101111111100111111001101101101100100100000000000000000000001101110100100000100101000010011110010111001010111110010100010110010110100000100000100000110100
10011001000111111111110110110010110100101101100011100111001001011011001101001001000100100100000010010100101001001100001000001011001010111000100100110100101101011101000100100101010000010000000001000001
10011111110111111011111111110110111101100101111111101110110111000100011011011000100000000010000000001001001101101000010011000011110100001110001101111111001001101011001011100000110010000000000110101011
10110101111111011111111000101100000111101011001111111100110011011000110011001001010010010000000000000000001101110100100000111110111011101111111110011011111101011001111011000100100000000001000100000100
10001110111111111110110001101000001001111011011100111010111101100101011110100010001010010100100100101010011101101100001000111110000011101101110011101000110110100100011000011001010000001000000000101001
11111111110111110110110111110101011110011011111111110111011110100011001100100100010000100010000100000100011101111110010010000010000101001100101101001111001111110011001111100000000001000000010010001001
01111111111101101100111100110101111111010111110111100111000111011011001010100100100100100001001001000001100110110111000000000011011111111111000110010111111010111011100101101000000000000010000011001101
11110110111101111010111010101111111111111111111010011001000100011001100100100001000100010100100001010001111111101011001001010000000011010111111010010010110101001001010000010000001000010000000000110000
11111111110011111101110010111111010001011110011101011001110110010010111001100100100010001000010000001000111011111101100010001000000001011100010101110100110111001101100011001000000000000001000000000010
11111111000110110101011010111001001110111111110011010111110101111110110110111100100100100010001010001000111011011010100000000101010111011110110011110111100000010101101101110011000010000000010000001100
11101101111101110111101001011101111011111111111101101000101110010000000110000100001000100100100001000100110110100110001001000000000110100001110110110011100000100110001001000010000000010010000000000000
11111011100101111111111011111101011011110110101111100110011011100011111001100110010001000000010000100000111111111111000100100100100000001000011000111110110111110100110111010010010000000000000100100000
11110011000000111111111110001110110111111110011111110011111001111100110101100100000100010010001000010010101011010101000000000100000111111110011000001101111010011110110110010011001001000000100000000000
11001110111100111111011010101110111111111100110100111111011001000000010110000001001000100100100100000101010111001111001001000000100111101101111111101000100110110110110010000000010000010010000000000100
10111000011101110110101011111100111111011011111110011101011001101111111000110010010001000000000010100001101100000101100000100100000001011110100011011010011001000101011000010100000000000000000100100000
00100110001001011101111011101101110111110110010111110111111111011010010101101110000010001010010000010001011110000110100100000100101001110011000011001110111001110001001000010010000010000000000000000000
11011110001101011000110000000111111111100110010100100101100000111000100010000110010000010001001000001010010010010011100001000000011101111000000011000011010111111111101101100100000000010010010000000000
10110000001101111000110011110111111101101011011100011111101101010101011010011000010010000000000101000011111010000110110000100100011110001100010100111011000000100011000000100000010000000000000001001000
00011011100100101111110111110111101110111101100111010101001001001100001001110000000100100100100000010010011110000011010000000000000110001000000110101001110001110001100000000000000010000000000000000000
10000110110100111111110010001111111001111101101110110111101100001100110100000010100000010000000010000110001010010011011010010010000101101001000000110110001111010000100100000010000000010010001000000000
00110000000100111110111001111100111110011011010010100010111100100000000000000000010010000010010000000110111001101011111110000001000000000100100101111000001110010000001000000000010000000000000000000000
00001011000011100110100110111101100110011010011110101000000100111100111001001000000000010010001001111011110111010111101110001000000000000011011111011001000101101001001101001000000010000000000001001000
01100010011011101101000001100011100000111100111100010011010100001111100000001001001001000000000000111111100110111001001011000000100100100000010011101100110000100110010011000000000000000010010000000000
01000110010001111100101111111111111111111110100001110001101101100010001001000001000000001000100100101101111111111111111111000000000000011100010001001001100000100101100000100000100000010000000000000000
00100000111010101001001111101101110110111011001111000011000110010110010000000000000100000000000000111011011011011111110100001001000010001000111111001010000000110000000001100000000000000000000000000000
01001100010011110010011001101111110110000010111100100110001000100000000010010010001001000100010000110110110110010001001011000000010000011010110111110000000000010110000000000000000100000000000010000100
01000111000011101110101001111000010110100000010000001101001100111000000000000000000000001000000000100100100110110010010011000000000000111100100110101100000110100110000000000001000000000000010000000000
00110010111110011111011011100010101101000000000000010001110000000001001001001001000000000001001001101001100000101111101001100010000000000111101110001010000011000000000000000000000000010010000000000000
00100111000101110001101011000100111010001000000000000000000011000000000000000000010010010000000011011011011111010000101111110000010010001001110111010000000000000001000000000000000000000000000001010110
00000110000101100011001100100000000110000010000100000010000110100100100000000000000000000000000011010100111111111111000110010000000000000000100100000000000000000110111000001011101000000000001111101010
00000001011101110011111001111010000100000000010000100000000000000000001001001001000000000100100110100111110010011111110111011000000000000000000100000001010000000001000000001011001001000100000100101011
00000000111011101111010110110011001000100101000001101000000000000000000000001000010010010000000110011111111100000000011001101000010000000000010000000001100100000011001100001100110011101101101100110101
00000100010110011010111110110100111101111101101101000100100000100100100000000000000110100000001100011001010000000000000101101100000010100001100000110000000001100001100010011110110000100110100111101100
01000100111101100011001011000111010110100100100100101100011100000111001001001000000110100001011000111010110000000000000101101101100010000010010111000001111100100110110001001111111000110000000001011011
11100001111110101001101011011001011001000100110101110000110111101101101100001001011001011000011001100110100000000000000100101011110001111000110010001101001100110100001101110101001011011011111000111111
11111110110001000110001100111011001110110110100000101011100001110111111111101011011010101110010001001111000011000000000110110110110001111100100111110101101010000001100100111111111001110111100110110010
00100011101001100100110110110111110111111111111111100111011001000000001011001011011101101111110011010101000011000000000110100000101101001101101110110100110111011100110000100110111100001100111110111111
10011011101110010010110011111001111111111101111111111010011011111011110110101101001101010101011011011110000110000100000110011100011011011010111110010100111010101100110110000000011001011011010000110111
10010011001101110111100110101101100100100110100110111011100111101101101101111000101110101110111010111111001001011010010001111111110011100110111111011101111100100000110110010011001100100111011101100100
11110111000100100110011011011101001110011110111101110011110100100100001111011010010110001100100101110101111010010011111111101110001101110110010111110111101101011100001011011011001011100011011000001000
01101110010010111110110011111011101011011010111101111100111111111111110001000111011001010011011000000010000011011110111101110110111101111011111001101100101111101110011011111101110111111000000111111111
11011010010010010000100100000000010000000000000000000000000000000000000000000000000000000000000001001100101011011101100100110111101110110110111110011011101111010110011010111101111011011111110111110111
00011101000000000000000100000000000000000000000000000000000000000000001110011001001101111101111111111101000011011011111110110100000101110000110111000110010111110110001111011011111111111011111111111111
00111100110111110000001011111101001011001100100100000010000000101111110111111111111111101111001000000000011010011010111111101100110011111111011010110011111110110111011011101111101101101101101110111111
00110101111000000010000001000000000000000001000101111111111111111001100101101011010000000000000000001100011010001010001011101110101011011011111101111111101100110010100001010000000000000010110110100110
01110111110011000100100110000101111011111111111111011011011111011111111100000000000000000001100000011110111101000010010001001101001011011000010101000101110111100110111100011000100100100001010011111111
01100011110101101101101111111110101101010101011101100110110010000000000000000000000100000111111000111110010000101001001000100101101010011011001111110100101111110110000111001101001001001000000000000000
10110011101100111010011001101101101011111111011010110000000000000000000000000000000000011111111101111111000110001001000100000000000000000100100000000000100000100101100101111111111111111111111110111111
10110111001010011011101101101111110110100110000000000000000000000000001111110000000100111111111100111010011111111111111111111110110101000000000010010001011010010010110100100000111101111111011011011110
11000110011111110111111111011000101100000000000001000000000000000111111111111110000000111111011110011111010001001010110111100011111111111111111111011111111111111111011011000000000010000000000000000000
01001111011101111100010000100000000000000010110110010000000000011111111111111111000001111111001000110110010011011011010100111100000000010010010010101100101111111101111111111111111111111111111111011111
01111111100000000010000000000000000000000000000110000000100101111110100111111111100111111111111100111000011110110111101110101101010100100100100100100001000000000001000110111111111111011111111111111111
11111110101000000000000000000000000000001000001000000000000011111111111111110111110000111011111111011010001001101001101101100011011011011001101101101101101100101010010000100001000010010010100100100110
10100110010000000000000000000000000000001000100100000000001111111110111110111011111110110110101000001101101011011101011011111010000010001001000000010100100101010100101001010010110110110010011001001100
01100011100000000000000000000010000000000000100100000010011111111111010111111101010000111111110100100100111101001110110110010100110010010100101010100100100010000101001010010100010000010010010010000001
11100011000000100000001000000000001000000000100000000001111111011011101111110110100001101011010010110100000111110110110110100110110010100100100101010011011010101001001001001000000100100100100010010010
11001110000000000100000001001000000000000000110100000011111111111111011111111111110001111101101001011111110101101101101001110110000100100101001000101000010001010010010001000011010110000100000100100100
00010110000000000000000000000000000000000000001000000111111111111111111111111111111100111111011000000100111101011011011110010010101001001001010010010110010100010010100100110010010000100001001000000000
